$GNRMC,201224.00,A,2705.91250,N,03349.90190,E,1.532,,130317,,,A*68
$GNVTG,,T,,M,1.532,N,2.836,K,A*37
$GNGGA,201224.00,2705.91250,N,03349.90190,E,1,06,2.90,23.4,M,11.7,M,,*79
$GNGSA,A,3,10,12,25,20,18,,,,,,,,3.80,2.90,2.47*13
$GNGSA,A,3,65,,,,,,,,,,,,3.80,2.90,2.47*1E
$GPGSV,2,1,08,10,06,197,18,12,14,142,26,15,04,120,11,16,04,322,*75
$GPGSV,2,2,08,18,33,181,17,20,54,086,22,25,55,149,19,31,29,258,*7E
$GLGSV,2,1,08,65,11,163,26,71,24,059,19,72,32,117,09,76,33,199,15*67
$GLGSV,2,2,08,77,50,279,,78,12,330,,87,41,341,,88,19,289,*6F
$GNGLL,2705.91250,N,03349.90190,E,201224.00,A,A*73
